image: room_raw.pgm
resolution: 0.025
origin: [-5.000000, -5.000000, 0.000000]
negate: 0
occupied_thresh: 0.8
free_thresh: 0.2
